144
213
83
55
223
209
92
47
5
184
218
236
15
160
177
125
199
232
39
13
24
57
211
52
25
94
149
242
200
173
253
170
138
256
36
244
239
227
179
109
104
157
220
155
131
207
238
27
262
76
30
69
54
139
154
222
14
28
224
201
231
140
3
64
124
18
19
214
99
68
146
26
249
8
59
7
185
127
165
93
50
175
193
132
152
49
60
167
215
118
123
196
150
20
226
246
102
22
228
48
251
219
263
73
106
156
230
40
137
248
252
21
148
88
107
46
110
100
229
1
174
257
6
9
225
66
247
188
31
168
171
189
51
130
86
79
169
145
89
43
217
32
111
205
221
192
159
181
11
17
113
135
108
62
10
187
206
260
264
198
240
147
178
23
97
197
195
261
136
87
72
162
37
116
91
245
84
78
183
204
56
41
12
45
96
2
163
129
42
121
101
74
210
202
172
237
142
4
141
35
133
182
71
216
115
38
122
58
255
250
82
63
117
128
161
90
265
98
77
81
65
29
61
158
44
190
34
191
166
143
186
53
176
105
164
241
67
112
233
153
194
85
70
134
95
258
234
208
151
259
212
203
243
33
16
254
119
180
235
126
114
75
80
120