182
27
105
256
160
253
132
157
216
137
161
33
51
176
174
36
21
38
208
187
112
114
80
55
171
117
24
143
28
260
206
185
170
4
10
194
32
232
231
248
144
34
67
152
180
126
192
109
6
197
141
159
189
169
13
207
25
215
129
77
139
102
84
262
237
127
14
54
62
243
85
30
43
50
69
153
191
190
154
113
209
213
47
220
26
106
228
172
257
199
236
29
138
241
147
244
250
135
186
100
165
44
101
39
223
198
60
140
226
61
89
108
242
12
225
158
205
123
219
200
201
22
2
90
23
131
255
212
111
98
87
93
96
48
88
196
15
177
97
73
184
148
166
19
173
40
78
20
179
249
151
11
235
121
72
42
146
149
58
75
79
167
214
222
195
265
162
202
119
128
5
164
91
59
210
41
175
163
83
49
104
45
261
218
9
120
125
17
155
52
116
8
239
31
115
122
99
145
76
18
264
188
251
156
56
35
81
16
71
134
240
181
63
168
133
178
217
211
224
229
233
150
53
203
107
183
124
118
245
234
193
7
37
259
258
64
221
68
46
74
254
204
57
230
65
252
227
263
238
246
70
82
247
136
3
92
1
95
142
66
86
130
94